95.123 12
0.4321 20
5.1234 15
6.7592  9
98.999 10
1.0100 12
.00001  1
.12345  1
0001.1  1
1.1000  1
10.000  1
000.10  1
000000  1
000.00  1
.00000  0
000010  1
000.10  1
0000.1  1
00.111  1
0.0001  1
0.0001  3
0.0010  1
0.0010  3
0.0100  1
0.0100  3
0.1000  1
0.1000  3
1.0000  1
1.0000  3
1.0001  1
1.0001  3
1.0010  1
1.0010  3
1.0100  1
1.0100  3
1.1000  1
1.1000  3
10.000  1
10.000  3
10.001  1
10.001  3
10.010  1
10.010  3
10.100  1
10.100  3
99.000  1
99.000  3
99.001  1
99.001  3
99.010  1
99.010  3
99.100  1
99.100  3
99.998  1
99.998  3
